# Created by Octave 3.2.4, Wed Dec 08 09:33:25 2010 PST <neil@inky>
# name: lleInfo
# type: struct
# length: 12
# name: type
# type: cell
# rows: 1
# columns: 1
# name: <cell-element>
# type: sq_string
# elements: 1
# length: 3
lle

# name: isNormalised
# type: cell
# rows: 1
# columns: 1
# name: <cell-element>
# type: bool
1

# name: regulariser
# type: cell
# rows: 1
# columns: 1
# name: <cell-element>
# type: scalar
0

# name: acyclic
# type: cell
# rows: 1
# columns: 1
# name: <cell-element>
# type: bool
1

# name: k
# type: cell
# rows: 1
# columns: 1
# name: <cell-element>
# type: scalar
4

# name: d
# type: cell
# rows: 1
# columns: 1
# name: <cell-element>
# type: scalar
102

# name: q
# type: cell
# rows: 1
# columns: 1
# name: <cell-element>
# type: scalar
2

# name: N
# type: cell
# rows: 1
# columns: 1
# name: <cell-element>
# type: scalar
55

# name: indices
# type: cell
# rows: 1
# columns: 1
# name: <cell-element>
# type: matrix
# rows: 55
# columns: 4
 2 3 4 5
 3 4 5 6
 4 5 6 7
 5 6 7 8
 6 7 8 9
 7 8 9 10
 8 9 10 11
 9 10 11 12
 10 11 12 13
 11 12 13 14
 12 13 14 15
 13 14 15 30
 14 15 30 31
 15 16 31 30
 16 31 17 32
 17 32 18 31
 18 33 32 19
 19 33 20 34
 20 21 34 22
 21 22 35 34
 22 35 36 23
 23 37 36 35
 24 38 37 36
 39 25 38 40
 40 26 39 41
 27 41 40 42
 28 42 41 29
 29 42 43 30
 30 43 44 42
 45 31 44 43
 46 32 45 47
 47 33 46 48
 48 34 47 49
 35 49 48 36
 36 49 50 37
 37 50 51 49
 38 52 51 50
 39 54 53 52
 40 55 54 53
 41 55 42 54
 42 43 44 45
 43 44 45 46
 44 45 46 47
 45 46 47 55
 46 47 48 55
 47 48 55 49
 48 49 55 54
 49 50 51 54
 50 51 52 53
 51 52 53 54
 52 53 54 55
 53 54 55 NaN
 54 55 NaN NaN
 55 NaN NaN NaN
 NaN NaN NaN NaN

# name: W
# type: cell
# rows: 1
# columns: 1
# name: <cell-element>
# type: sparse matrix
# nnz: 264
# rows: 55
# columns: 55
1 1 -1
1 2 1.317799099274977
2 2 -1
1 3 -0.2793385749316784
2 3 1.285449820141685
3 3 -1
1 4 -0.01056345960826252
2 4 -0.04474398104476296
3 4 1.568801838895845
4 4 -1
1 5 -0.02789706473503582
2 5 -0.3919277906903217
3 5 -0.2418857188113104
4 5 1.625646658480434
5 5 -1
2 6 0.1512219515934002
3 6 -0.5630261258276008
4 6 -0.3581171868781085
5 6 2.203410629637018
6 6 -1
3 7 0.2361100057430661
4 7 -0.4595380289014023
5 7 -1.634075998943145
6 7 2.155620374955014
7 7 -1
4 8 0.1920085572990768
5 8 0.5268187622043424
6 8 -1.416058200888636
7 8 2.352844818801978
8 8 -1
5 9 -0.09615339289821465
6 9 0.1435067250001578
7 9 -1.967459282394645
8 9 2.033291907688302
9 9 -1
6 10 0.1169311009334643
7 10 0.6326362134228044
8 10 -1.193186505401893
9 10 2.39505505395955
10 10 -1
7 11 -0.01802174983013713
8 11 -0.002045881248405206
9 11 -2.007269912116623
10 11 2.532392561003748
11 11 -1
8 12 0.1619404789619959
9 12 0.6196582066253423
10 12 -2.401642130976173
11 12 2.169616666639234
12 12 -1
9 13 -0.007443348468268881
10 13 1.04976184793634
11 13 -1.508978930400863
12 13 1.954767287975953
13 13 -1
10 14 -0.1805122779639141
11 14 0.2197460262677992
12 14 -1.313801218783414
13 14 1.519193145894374
14 14 -1
11 15 0.1196162374938297
12 15 0.371084217636782
13 15 -0.5512194124850368
14 15 1.542829984895397
15 15 -1
14 16 -0.5424328056702705
15 16 1.502616318083279
16 16 -1
15 17 -0.545986682182519
16 17 1.537567352160715
17 17 -1
16 18 -0.5409854520160808
17 18 1.496460991210492
18 18 -1
17 19 -0.4980741786002499
18 19 1.191043018213965
19 19 -1
18 20 -0.1781849799875176
19 20 2.365138240134459
20 20 -1
19 21 -2.139555654058075
20 21 1.464628759951514
21 21 -1
19 22 0.7801614423387595
20 22 -0.5412296597081591
21 22 1.482490102559493
22 22 -1
21 23 -0.5513059778158784
22 23 1.084436786385891
23 23 -1
23 24 1.132115122285115
24 24 -1
24 25 1.050661622798032
25 25 -1
25 26 1.00781834587804
26 26 -1
26 27 0.9807821986318314
27 27 -1
27 28 1.310778039658775
28 28 -1
27 29 -0.3203823875554004
28 29 1.369359269004041
29 29 -1
12 30 -0.01205028682932077
13 30 -0.02976739369630072
14 30 0.1820160018954944
28 30 -0.4125225371039532
29 30 0.8907888728448774
30 30 -1
13 31 0.0617936602869633
14 31 -0.182413181120621
15 31 0.2527765261125779
16 31 0.3494801915301402
30 31 0.9119291141735006
31 31 -1
15 32 -0.2094061620133376
16 32 -0.3460620916747741
17 32 0.4101464813584583
31 32 1.013891933066192
32 32 -1
17 33 -0.4085332939687005
18 33 0.6433222839623445
32 33 0.9876544694680294
33 33 -1
18 34 -0.6561803221887923
19 34 -0.005744028415143527
20 34 0.4331322636613159
33 34 0.9589378397515871
34 34 -1
20 35 -0.3565313639046714
21 35 0.4481550846304007
22 35 -0.8684201830598457
34 35 1.368896897274215
35 35 -1
21 36 -0.3793392093740149
22 36 2.279645989347729
23 36 -0.7788593106535789
34 36 -0.4197001031782595
35 36 1.418990868582333
36 36 -1
22 37 -1.495662592673774
23 37 2.306419353354046
35 37 -0.4977184579858058
36 37 0.7923972905646747
37 37 -1
23 38 -1.659675164985582
24 38 0.4058071315022263
37 38 0.828261365022089
38 38 -1
24 39 0.181378728771475
25 39 0.5839036789682395
38 39 0.9473214645786064
39 39 -1
24 40 -0.6378474830717331
25 40 -0.1801322827795901
26 40 0.5517154828853201
39 40 0.9614041061075521
40 40 -1
25 41 -0.4115897420666895
26 41 -0.179645525525736
27 41 0.6481217108475599
40 41 1.539542456133649
41 41 -1
26 42 -0.3528521559914155
27 42 -0.6385173629509349
28 42 0.6797411017428492
29 42 -0.6623469641216044
40 42 -0.6508253489099437
41 42 2.391744273589226
42 42 -1
28 43 -0.6365778336429366
29 43 1.992974883552317
30 43 -0.3316072434738205
41 43 -2.080390192879371
42 43 2.477752186454262
43 43 -1
29 44 -1.22141679227559
30 44 1.460918727909136
41 44 0.6415059874749779
42 44 -2.543500580297237
43 44 2.580211332923471
44 44 -1
30 45 -1.041240598608817
31 45 0.2051385098853641
41 45 0.04713993181516657
42 45 1.274298708555712
43 45 -2.763426400796959
44 45 2.265483586636323
45 45 -1
31 46 0.5208128664214152
32 46 0.2278060879377908
42 46 -0.2085503147127367
43 46 1.411328750978607
44 46 -1.863593688715247
45 46 2.652489772404651
46 46 -1
31 47 -0.7398433093729716
32 47 0.5136350682835814
33 47 0.3532335672971644
43 47 -0.2281136831051196
44 47 0.554042486099939
45 47 -2.529169425926972
46 47 2.988290212030966
47 47 -1
32 48 -0.7290956256894016
33 48 0.2611527009509079
34 48 0.6108025617770821
45 48 0.9007436989330447
46 48 -3.120822157950837
47 48 1.755899469628439
48 48 -1
33 49 -0.5733241079996595
34 49 -0.5599993558730384
35 49 0.5625572825268348
36 49 -0.5483426125703527
46 49 1.194872202925988
47 49 -0.8678717307419628
48 49 2.473751416269823
49 49 -1
35 50 -0.4838296931233625
36 50 1.692574708511697
37 50 -0.4856754703529637
48 50 -2.183571352817601
49 50 2.905093514328012
50 50 -1
36 51 -0.9366293865060189
37 51 1.682799026882546
48 51 0.6586478995911825
49 51 -3.506965710418973
50 51 2.348563616325539
51 51 -1
37 52 -1.025384921551671
38 52 -0.0834940821909539
49 52 2.040501474100498
50 52 -1.892412332429404
51 52 2.396207998757681
52 52 -1
38 53 1.16000209204257
39 53 -0.3810470729036649
49 53 -0.4386292780095373
50 53 0.3019274063317861
51 53 -2.086041561294552
52 53 2.359310722605651
53 53 -1
38 54 -1.023829474430222
39 54 1.677610727069055
40 54 0.2697347669859802
47 54 -0.1775473908908298
48 54 0.0511720369565958
50 54 0.2419213097720791
51 54 0.634921271164454
52 54 -1.992131093936689
53 54 1.852448445952378
54 54 -1
39 55 -1.257967760272942
40 55 -0.1584518742096854
44 55 0.04406761597898473
45 55 -0.02406404541072472
46 55 -0.06234025700611717
47 55 0.2895196520043534
51 55 0.05491229137241783
52 55 0.6328203713310385
53 55 -0.8524484459523781
54 55 1

# name: L
# type: cell
# rows: 1
# columns: 1
