# Created by Octave 3.2.4, Wed Dec 08 09:19:21 2010 PST <neil@inky>
# name: lleInfo
# type: struct
# length: 12
# name: type
# type: cell
# rows: 1
# columns: 1
# name: <cell-element>
# type: sq_string
# elements: 1
# length: 3
lle

# name: isNormalised
# type: cell
# rows: 1
# columns: 1
# name: <cell-element>
# type: bool
1

# name: regulariser
# type: cell
# rows: 1
# columns: 1
# name: <cell-element>
# type: scalar
0

# name: acyclic
# type: cell
# rows: 1
# columns: 1
# name: <cell-element>
# type: bool
0

# name: k
# type: cell
# rows: 1
# columns: 1
# name: <cell-element>
# type: scalar
7

# name: d
# type: cell
# rows: 1
# columns: 1
# name: <cell-element>
# type: scalar
102

# name: q
# type: cell
# rows: 1
# columns: 1
# name: <cell-element>
# type: scalar
2

# name: N
# type: cell
# rows: 1
# columns: 1
# name: <cell-element>
# type: scalar
55

# name: indices
# type: cell
# rows: 1
# columns: 1
# name: <cell-element>
# type: matrix
# rows: 55
# columns: 7
 2 3 4 5 6 7 8
 1 3 4 5 6 7 8
 2 1 4 5 6 7 8
 3 5 2 1 6 7 8
 4 6 3 2 1 7 8
 5 7 4 8 3 2 1
 6 8 5 9 4 3 2
 7 9 6 5 10 4 3
 8 10 7 6 11 5 4
 9 11 8 12 7 6 13
 10 12 13 9 14 8 7
 13 11 14 10 9 15 8
 12 14 11 15 10 9 8
 13 15 12 11 10 16 9
 14 16 13 12 11 31 10
 15 17 32 14 18 31 13
 16 18 33 32 15 19 47
 19 17 33 20 34 16 21
 20 18 21 34 22 35 33
 21 19 22 35 34 18 36
 20 22 19 35 36 23 37
 21 23 20 37 36 19 35
 22 24 38 37 21 36 20
 23 39 25 38 40 22 37
 40 26 24 39 41 55 27
 27 41 25 40 42 28 29
 28 26 42 41 29 43 30
 29 27 42 43 30 44 41
 28 30 43 44 27 42 45
 29 45 31 44 28 43 46
 46 30 32 45 15 14 47
 47 31 33 46 16 17 15
 48 34 47 32 18 17 19
 35 49 48 33 19 20 18
 36 49 34 50 20 37 21
 35 37 50 51 49 21 22
 36 38 22 52 35 51 23
 37 39 23 24 54 53 36
 24 38 40 25 55 54 23
 25 41 39 26 55 24 27
 26 42 27 40 28 43 25
 43 28 27 41 29 44 26
 44 42 29 28 45 27 30
 43 45 29 30 42 28 27
 44 30 46 31 29 43 42
 31 45 47 32 30 44 15
 32 33 48 46 31 17 34
 33 34 49 47 35 32 18
 35 50 34 48 36 37 51
 51 36 49 35 52 37 34
 52 50 36 37 53 35 49
 51 53 37 50 36 54 38
 52 54 38 37 51 50 36
 53 55 38 39 52 37 24
 54 39 40 38 53 25 24

# name: W
# type: cell
# rows: 1
# columns: 1
# name: <cell-element>
# type: sparse matrix
# nnz: 432
# rows: 55
# columns: 55
1 1 -1
2 1 0.5715720325952367
3 1 -0.1357091125478186
4 1 0.06582320187519762
5 1 -0.2143737671663341
6 1 0.1274103882205325
1 2 1.266260891416636
2 2 -1
3 2 0.7354334335932307
4 2 -0.1690759379813133
5 2 0.1499762983419599
6 2 -0.01538841985676775
7 2 -0.1018109002395358
1 3 -0.1958244853891663
2 3 0.4790150177924651
3 3 -1
4 3 0.5310899402869018
5 3 0.01265898845856248
6 3 -0.427953290227253
7 3 0.3339761657248995
8 3 -0.2684736289243497
1 4 0.09200994024948471
2 4 -0.1066805697507028
3 4 0.514476848659622
4 4 -1
5 4 0.6461979632512859
6 4 0.3342831406679929
7 4 -0.5259260033304124
8 4 0.5129742103609616
9 4 0.1116924612485482
1 5 -0.285444478662141
2 5 0.09014059362835115
3 5 0.01168129596221834
4 5 0.6155450558233402
5 5 -1
6 5 0.4737772799533767
7 5 0.1482601326399086
8 5 -0.1656097249048838
9 5 -0.1458744428509524
1 6 0.1290671529485364
2 6 -0.007036435235563743
3 6 -0.3004341365595699
4 6 0.2422532546265808
5 6 0.3604417705630863
6 6 -1
7 6 0.7005681031922109
8 6 -0.4092164683463
9 6 -0.09665511369248032
10 6 0.09463471785574776
1 7 -0.006873487859882662
2 7 -0.05028944232324965
3 7 0.2642563598181142
4 7 -0.4196742620041884
5 7 0.1156143457241612
6 7 0.6693932349142763
7 7 -1
8 7 0.8420679130465668
9 7 0.03214620602591637
10 7 -0.1511437554642147
11 7 0.02158352149241382
1 8 0.0008044672965322526
2 8 0.02327880329346324
3 8 -0.0897046889257965
4 8 0.1340387473734815
5 8 -0.07051559917272143
6 8 -0.1615223336721576
7 8 0.5876199901663401
8 8 -1
9 8 0.6162364619001394
10 8 -0.2209988348822302
11 8 -0.1379744435264136
12 8 0.145074298339563
13 8 -0.09326761353692502
7 9 -0.1426874881534108
8 9 0.6954333873242241
9 9 -1
10 9 0.8303695970129136
11 9 -0.01130882055483414
12 9 -0.2537682516076783
13 9 0.2629166919994665
14 9 -0.02511445952459234
8 10 -0.2071756885562189
9 10 0.6341168694691025
10 10 -1
11 10 0.6215857872171456
12 10 -0.1245617698347883
13 10 -0.06439229379427011
14 10 -0.1803460427670552
15 10 0.04266339988332978
9 11 -0.1516624421002739
10 11 0.6026091517623346
11 11 -1
12 11 0.7867395353981792
13 11 -0.7280360629437033
14 11 0.7025687765776244
15 11 0.07721883967440059
10 12 -0.1622645396748812
11 12 0.7490074404921693
12 12 -1
13 12 1.308762583973937
14 12 -1.179591147768042
15 12 -0.05420566110151166
10 13 0.006793663390329913
11 13 -0.3031287742297905
12 13 0.5936631682086053
13 13 -1
14 13 1.308178360368492
15 13 -0.5277281597711486
16 13 0.1049319738629017
11 14 0.06023528910930945
12 14 -0.149317805748742
13 14 0.3554440296844937
14 14 -1
15 14 1.102119715907604
16 14 -0.4028110232141555
31 14 -0.1205467411223459
12 15 0.002170825244861104
13 15 -0.04142733538299819
14 15 0.5051475252527766
15 15 -1
16 15 0.7796035658124217
17 15 -0.1537644107324004
31 15 0.1219963364140427
32 15 -0.4415270082063706
46 15 0.01044900876775254
14 16 -0.1308430121392029
15 16 0.3460078594018213
16 16 -1
17 16 0.6196102009208923
18 16 -0.1858392690773265
32 16 0.8133314149954912
16 17 0.7399889631852252
17 17 -1
18 17 0.6680581691666815
32 17 -0.3485510802434696
33 17 -0.4379044819376795
47 17 -0.007737826474562132
16 18 -0.2113799459341356
17 18 0.7876727831183207
18 18 -1
19 18 0.4125453219799669
20 18 -0.1694863839717574
33 18 1.154579460833238
34 18 -0.5114984624512384
48 18 0.0173939306826811
17 19 -0.2529836247593084
18 19 0.8094442335687105
19 19 -1
20 19 0.6838216365628755
21 19 -0.1118118789195506
22 19 0.07389840263325313
33 19 -0.7208709028000929
34 19 1.053144165943594
18 20 -0.3342972651025872
19 20 0.87738085223027
20 20 -1
21 20 0.6542966948576663
22 20 -0.6284946214610191
23 20 0.1696563850502106
34 20 -0.5228262222046864
35 20 0.1420193660877919
18 21 0.04980912380468261
19 21 -0.3736223704421025
20 21 0.6164115807095356
21 21 -1
22 21 1.239595636434154
23 21 -0.6538310179570598
35 21 -0.1361215789526949
36 21 0.2727647267176995
19 22 0.07632360532531322
20 22 -0.130490546205439
21 22 0.6279366616747335
22 22 -1
23 22 1.173295786564857
24 22 -0.2458196492384374
36 22 -0.296302713734635
37 22 0.1051974893549036
21 23 -0.1654722052178496
22 23 0.3236771120807712
23 23 -1
24 23 0.8082211877788745
37 23 -0.06250297099605881
38 23 0.07514019636961705
39 23 -0.6063265639501766
23 24 0.3531540466311004
24 24 -1
25 24 0.4803452151536413
38 24 0.01506432148432961
39 24 1.193384910677215
40 24 -0.3320970974825704
54 24 0.03411265190870029
24 25 0.445787889263888
25 25 -1
26 25 0.3102480576177564
39 25 -0.6463940745562431
40 25 0.5675109016102069
41 25 -0.2611277897070894
25 26 0.5938466102479291
26 26 -1
27 26 0.4029729960430802
40 26 -0.09774902694926055
41 26 0.5704366316382554
42 26 -0.2466589303284238
25 27 0.01033801267930245
26 27 1.064586567219208
27 27 -1
28 27 0.5371862985064898
29 27 -0.001954748318210478
40 27 -0.1991928557071763
41 27 -0.4107549371633888
42 27 0.3651868283636288
43 27 -0.3532648615685343
44 27 0.2487594957560527
26 28 -0.5885429493973179
27 28 0.6578551340877266
28 28 -1
29 28 0.6005919298649646
30 28 -0.009481169783388869
41 28 0.08729861923004492
42 28 -0.007008050096539304
43 28 0.3591963784942098
44 28 -0.5415870085311094
26 29 0.2091231553462087
27 29 -0.0335465212244006
28 29 0.500295582021807
29 29 -1
30 29 0.5444158510789329
42 29 -0.09046707844908937
43 29 0.06577949900818895
44 29 0.377090922599856
45 29 -0.1557817498292342
27 30 -0.03462235780014571
28 30 -0.04187071151874044
29 30 0.4183778731826697
30 30 -1
31 30 0.5118209601191498
43 30 -0.084142910895821
44 30 -0.08982181757732716
45 30 0.3972240787091319
46 30 -0.2853348479587153
15 31 0.01392400600550494
16 31 0.03593735087450685
30 31 0.4974494165014105
31 31 -1
32 31 0.4634421660188057
45 31 -0.2288344918874288
46 31 0.5656520980004586
47 31 -0.3601907438682891
16 32 -0.04627088458676445
17 32 -0.0103623627497386
